VERTEX_SE2 0 0.000000 0.000000 0.000000
VERTEX_SE2 1 0.000000 0.000000 -0.000642
VERTEX_SE2 2 0.000000 0.000000 -0.001180
VERTEX_SE2 3 0.011002 -0.000975 -0.003562
VERTEX_SE2 4 0.641008 -0.011200 -0.007444
VERTEX_SE2 5 0.696016 -0.011716 -0.098726
VERTEX_SE2 6 0.700269 -0.015435 -0.895998
VERTEX_SE2 7 0.693956 0.004213 -1.511535
VERTEX_SE2 8 0.699263 0.026693 -2.125069
VERTEX_SE2 9 0.716114 0.041122 -2.763139
VERTEX_SE2 10 0.728981 0.043219 2.905515
VERTEX_SE2 11 0.733203 0.040537 2.231236
VERTEX_SE2 12 0.733186 0.041545 1.581762
VERTEX_SE2 13 0.738753 0.059070 0.922264
VERTEX_SE2 14 0.759658 0.073750 0.314025
VERTEX_SE2 15 0.768572 0.074357 -0.210903
VERTEX_SE2 16 1.062493 0.014152 -0.229595
VERTEX_SE2 17 1.663647 -0.133115 -0.260823
VERTEX_SE2 18 2.287001 -0.296480 -0.271000
VERTEX_SE2 19 2.914298 -0.494254 -0.319576
VERTEX_SE2 20 3.527220 -0.693985 -0.308933
VERTEX_SE2 21 4.152895 -0.850915 -0.191238
VERTEX_SE2 22 4.779015 -0.992339 -0.168556
VERTEX_SE2 23 5.423978 -1.030005 -0.054484
VERTEX_SE2 24 6.064382 -1.090997 -0.105423
VERTEX_SE2 25 6.707928 -1.144401 -0.096821
VERTEX_SE2 26 7.315680 -1.224079 -0.137153
VERTEX_SE2 27 7.929761 -1.294250 -0.121079
VERTEX_SE2 28 8.510243 -1.372635 -0.125240
VERTEX_SE2 29 8.886549 -1.416447 -0.094136
VERTEX_SE2 30 8.893462 -1.418023 -0.625522
VERTEX_SE2 31 9.005697 -1.557779 -0.893355
VERTEX_SE2 32 9.398300 -2.067296 -0.911506
VERTEX_SE2 33 9.800909 -2.566880 -0.858368
VERTEX_SE2 34 10.230894 -3.045076 -0.834898
VERTEX_SE2 35 10.670845 -3.512974 -0.797906
VERTEX_SE2 36 11.118351 -3.980273 -0.803680
VERTEX_SE2 37 11.413882 -4.282108 -0.793023
VERTEX_SE2 38 11.416535 -4.285316 -1.109584
VERTEX_SE2 39 11.425445 -4.316267 -1.276487
VERTEX_SE2 40 11.612551 -4.916547 -1.255922
VERTEX_SE2 41 11.808527 -5.541274 -1.284316
VERTEX_SE2 42 11.976726 -6.133098 -1.303279
VERTEX_SE2 43 12.132495 -6.760248 -1.339357
VERTEX_SE2 44 12.273339 -7.389611 -1.372003
VERTEX_SE2 45 12.381155 -8.023418 -1.427426
VERTEX_SE2 46 12.464524 -8.661631 -1.446702
VERTEX_SE2 47 12.536773 -9.300726 -1.488240
VERTEX_SE2 48 12.585187 -9.946461 -1.494639
VERTEX_SE2 49 12.629508 -10.588502 -1.545288
VERTEX_SE2 50 12.623735 -11.202499 -1.589586
VERTEX_SE2 51 12.613473 -11.816834 -1.619614
VERTEX_SE2 52 12.558110 -12.427134 -1.697131
VERTEX_SE2 53 12.497320 -13.013155 -1.685264
VERTEX_SE2 54 12.418711 -13.557683 -1.747661
VERTEX_SE2 55 12.419724 -13.549747 -1.742676
VERTEX_SE2 56 12.414345 -13.580353 -1.732396
VERTEX_SE2 57 12.310914 -14.233877 -1.743844
VERTEX_SE2 58 12.203756 -14.876538 -1.697418
VERTEX_SE2 59 12.115088 -15.515348 -1.720561
VERTEX_SE2 60 12.025760 -16.150800 -1.698500
VERTEX_SE2 61 11.930749 -16.787980 -1.748266
VERTEX_SE2 62 11.833006 -17.390733 -1.709239
VERTEX_SE2 63 11.733602 -17.998517 -1.746382
VERTEX_SE2 64 11.649132 -18.607583 -1.685617
VERTEX_SE2 65 11.563367 -19.214882 -1.740522
VERTEX_SE2 66 11.460058 -19.848621 -1.752656
VERTEX_SE2 67 11.343148 -20.481952 -1.756181
VERTEX_SE2 68 11.257571 -20.955257 -1.774331
VERTEX_SE2 69 11.255185 -20.964979 -1.932353
VERTEX_SE2 70 11.251937 -20.972069 -2.613265
VERTEX_SE2 71 11.258227 -20.971402 3.020985
VERTEX_SE2 72 11.258227 -20.971402 3.009195
VERTEX_SE2 73 11.254702 -20.970679 2.941681
VERTEX_SE2 74 11.251643 -20.968771 2.313797
VERTEX_SE2 75 11.250298 -20.968291 1.957266
VERTEX_SE2 76 11.239515 -20.956998 2.644600
VERTEX_SE2 77 11.227570 -20.952338 2.874132
VERTEX_SE2 78 10.929861 -20.969392 -3.076000
VERTEX_SE2 79 10.295660 -21.019100 -3.083625
VERTEX_SE2 80 9.648073 -21.026221 3.122276
VERTEX_SE2 81 9.008652 -21.005804 3.093707
VERTEX_SE2 82 8.367330 -20.952196 3.043418
VERTEX_SE2 83 7.730227 -20.888698 3.024388
VERTEX_SE2 84 7.095779 -20.785072 2.952781
VERTEX_SE2 85 6.465179 -20.660326 2.966718
VERTEX_SE2 86 5.750805 -20.513125 2.886729
VERTEX_SE2 87 5.163554 -20.341011 2.848617
VERTEX_SE2 88 4.815868 -20.234565 2.823505
VERTEX_SE2 89 4.792324 -20.235107 -3.054605
VERTEX_SE2 90 4.149209 -20.288628 -3.081395
VERTEX_SE2 91 3.497178 -20.337577 -3.028289
VERTEX_SE2 92 2.861629 -20.387679 -3.140035
VERTEX_SE2 93 2.221011 -20.339858 3.045531
VERTEX_SE2 94 1.585959 -20.258625 3.005168
VERTEX_SE2 95 0.940663 -20.228767 -3.139936
VERTEX_SE2 96 0.302216 -20.232542 -3.119921
VERTEX_SE2 97 -0.314018 -20.219530 3.087656
VERTEX_SE2 98 -0.922581 -20.164719 3.024330
VERTEX_SE2 99 -1.648795 -20.093526 3.065410
VERTEX_SE2 100 -2.230833 -20.023281 3.007277
VERTEX_SE2 101 -2.871354 -20.005103 3.102942
VERTEX_SE2 102 -3.516483 -19.955697 3.008603
VERTEX_SE2 103 -4.152223 -19.878149 3.115724
VERTEX_SE2 104 -4.795838 -19.847155 3.090758
VERTEX_SE2 105 -5.440965 -19.834033 -3.137000
VERTEX_SE2 106 -6.074366 -19.819256 3.099547
VERTEX_SE2 107 -6.721384 -19.784913 3.102775
VERTEX_SE2 108 -7.140409 -19.781530 -3.121388
VERTEX_SE2 109 -7.153321 -19.779550 2.708464
VERTEX_SE2 110 -7.164494 -19.769929 2.111343
VERTEX_SE2 111 -7.174123 -19.662635 1.600354
VERTEX_SE2 112 -7.201482 -19.000514 1.652438
VERTEX_SE2 113 -7.269988 -18.356059 1.697296
VERTEX_SE2 114 -7.351668 -17.722124 1.732079
VERTEX_SE2 115 -7.477063 -17.090635 1.787906
VERTEX_SE2 116 -7.655600 -16.348269 1.827325
VERTEX_SE2 117 -7.838440 -15.740356 1.917383
VERTEX_SE2 118 -7.847180 -15.710500 1.574139
VERTEX_SE2 119 -7.822729 -15.211952 1.515457
VERTEX_SE2 120 -7.806541 -14.573234 1.599604
VERTEX_SE2 121 -7.846755 -13.965257 1.661084
VERTEX_SE2 122 -7.908309 -13.357352 1.710992
VERTEX_SE2 123 -7.944931 -13.145472 1.692222
VERTEX_SE2 124 -7.867047 -12.909702 1.255856
VERTEX_SE2 125 -7.662551 -12.318719 1.238631
VERTEX_SE2 126 -7.536130 -11.694942 1.435606
VERTEX_SE2 127 -7.446823 -11.065323 1.432524
VERTEX_SE2 128 -7.378220 -10.424022 1.466677
VERTEX_SE2 129 -7.297629 -9.790420 1.431058
VERTEX_SE2 130 -7.233612 -9.152396 1.479951
VERTEX_SE2 131 -7.188908 -8.512333 1.563552
VERTEX_SE2 132 -7.169731 -7.871150 1.508512
VERTEX_SE2 133 -7.117635 -7.291335 1.466418
VERTEX_SE2 134 -7.055851 -6.684237 1.442294
VERTEX_SE2 135 -6.963757 -6.111663 1.409225
VERTEX_SE2 136 -6.874804 -5.474955 1.421265
VERTEX_SE2 137 -6.760504 -4.850881 1.369865
VERTEX_SE2 138 -6.660597 -4.217332 1.438397
VERTEX_SE2 139 -6.600415 -3.595492 1.503413
VERTEX_SE2 140 -6.582744 -2.945853 1.533669
VERTEX_SE2 141 -6.543894 -2.313106 1.484948
VERTEX_SE2 142 -6.498552 -1.671107 1.480848
VERTEX_SE2 143 -6.373361 -1.045821 1.369956
VERTEX_SE2 144 -6.308206 -0.684059 1.387205
VERTEX_SE2 145 -6.303725 -0.673188 0.888171
VERTEX_SE2 146 -6.303130 -0.671010 0.294225
VERTEX_SE2 147 -6.246280 -0.679152 -0.192923
VERTEX_SE2 148 -5.818303 -0.770932 -0.228866
VERTEX_SE2 149 -5.184464 -0.911850 -0.204032
VERTEX_SE2 150 -4.555178 -1.023116 -0.190122
VERTEX_SE2 151 -3.919217 -1.117808 -0.104723
VERTEX_SE2 152 -3.282062 -1.199418 -0.172903
VERTEX_SE2 153 -2.645312 -1.282994 -0.087181
VERTEX_SE2 154 -2.011150 -1.359207 -0.164419
VERTEX_SE2 155 -1.375820 -1.453297 -0.137992
VERTEX_SE2 156 -0.735790 -1.532677 -0.114327
VERTEX_SE2 157 -0.159947 -1.613323 -0.186690
VERTEX_SE2 158 0.023851 -1.648467 -0.157600
VERTEX_SE2 159 0.021228 -1.647288 0.835817
VERTEX_SE2 160 0.027488 -1.639228 1.877886
VERTEX_SE2 161 0.027486 -1.639234 2.859828
VERTEX_SE2 162 0.045975 -1.631965 -2.381155
VERTEX_SE2 163 0.045893 -1.634205 -1.377922
VERTEX_SE2 164 0.057499 -1.646265 -0.447964
VERTEX_SE2 165 0.193934 -1.655710 -0.045831
VERTEX_SE2 166 0.853469 -1.682017 -0.046800
VERTEX_SE2 167 1.490484 -1.716964 -0.075973
VERTEX_SE2 168 2.098800 -1.751671 -0.063936
VERTEX_SE2 169 2.712806 -1.808931 -0.100989
VERTEX_SE2 170 3.318192 -1.863258 -0.121905
VERTEX_SE2 171 3.896234 -1.949098 -0.160646
VERTEX_SE2 172 4.538410 -2.042425 -0.147172
VERTEX_SE2 173 5.172424 -2.149723 -0.165214
VERTEX_SE2 174 5.803089 -2.247662 -0.120052
VERTEX_SE2 175 6.424807 -2.318550 -0.139998
VERTEX_SE2 176 7.030678 -2.417232 -0.125711
VERTEX_SE2 177 7.660479 -2.494551 -0.148623
VERTEX_SE2 178 8.290147 -2.612123 -0.182806
VERTEX_SE2 179 8.639509 -2.668503 -0.129585
VERTEX_SE2 180 8.642601 -2.669171 -0.571750
VERTEX_SE2 181 9.107062 -2.977761 -0.623138
VERTEX_SE2 182 9.551340 -3.341562 -0.796106
VERTEX_SE2 183 9.953562 -3.792478 -0.852123
VERTEX_SE2 184 10.330878 -4.306658 -1.002936
VERTEX_SE2 185 10.652963 -4.854256 -1.099221
VERTEX_SE2 186 10.909459 -5.445570 -1.168989
VERTEX_SE2 187 11.138453 -6.018162 -1.194573
VERTEX_SE2 188 11.372847 -6.610777 -1.202696
VERTEX_SE2 189 11.598101 -7.209159 -1.232095
VERTEX_SE2 190 11.795596 -7.819838 -1.258284
VERTEX_SE2 191 11.984938 -8.432395 -1.279246
VERTEX_SE2 192 12.158054 -9.043198 -1.303901
VERTEX_SE2 193 12.302583 -9.611434 -1.355161
VERTEX_SE2 194 12.426909 -10.210284 -1.377141
VERTEX_SE2 195 12.534319 -10.811416 -1.400368
VERTEX_SE2 196 12.632338 -11.445843 -1.442220
VERTEX_SE2 197 12.700713 -12.082422 -1.470453
VERTEX_SE2 198 12.755597 -12.719166 -1.529113
VERTEX_SE2 199 12.754761 -13.356843 -1.590711
VERTEX_SE2 200 12.733560 -13.993458 -1.612475
VERTEX_SE2 201 12.687026 -14.631689 -1.668718
VERTEX_SE2 202 12.639077 -15.202899 -1.651577
VERTEX_SE2 203 12.556158 -16.006543 -1.707054
VERTEX_SE2 204 12.455302 -16.598850 -1.804142
VERTEX_SE2 205 12.305924 -17.187841 -1.809172
VERTEX_SE2 206 12.174405 -17.760149 -1.802549
VERTEX_SE2 207 12.040676 -18.353284 -1.781423
VERTEX_SE2 208 11.897670 -18.981299 -1.785518
VERTEX_SE2 209 11.769917 -19.609340 -1.741125
VERTEX_SE2 210 11.647398 -20.238835 -1.754048
VERTEX_SE2 211 11.537207 -20.870318 -1.755716
VERTEX_SE2 212 11.394970 -21.493361 -1.812926
VERTEX_SE2 213 11.230953 -22.120731 -1.837752
VERTEX_SE2 214 11.058372 -22.734177 -1.845436
VERTEX_SE2 215 10.953834 -23.088866 -1.885350
VERTEX_SE2 216 10.950554 -23.095138 -2.393113
VERTEX_SE2 217 10.952753 -23.094815 -2.944927
VERTEX_SE2 218 10.951809 -23.094487 -3.005204
VERTEX_SE2 219 10.365803 -23.067344 3.104107
VERTEX_SE2 220 9.737327 -23.038247 3.059963
VERTEX_SE2 221 9.095837 -22.994717 3.111718
VERTEX_SE2 222 8.460944 -22.975047 3.086737
VERTEX_SE2 223 7.821250 -22.969336 -3.100192
VERTEX_SE2 224 7.183803 -22.994444 -3.126677
VERTEX_SE2 225 6.544582 -23.012637 -3.078368
VERTEX_SE2 226 5.906305 -23.029186 -3.129535
VERTEX_SE2 227 5.264179 -23.084344 -2.972817
VERTEX_SE2 228 4.660809 -23.049652 2.951621
VERTEX_SE2 229 4.059169 -22.969281 3.076549
VERTEX_SE2 230 3.689211 -22.947652 3.051106
VERTEX_SE2 231 3.819912 -22.954624 3.124109
VERTEX_SE2 232 3.476990 -22.813142 2.710350
VERTEX_SE2 233 2.875321 -22.565879 2.819555
VERTEX_SE2 234 2.261463 -22.358960 2.781360
VERTEX_SE2 235 1.979653 -22.255530 2.781875
VERTEX_SE2 236 1.616344 -22.278805 -3.083673
VERTEX_SE2 237 0.964219 -22.341873 -3.006771
VERTEX_SE2 238 0.323899 -22.443278 -3.033605
VERTEX_SE2 239 -0.317791 -22.494927 -3.094849
VERTEX_SE2 240 -0.925503 -22.426348 2.978831
VERTEX_SE2 241 -1.504549 -22.345735 3.071089
VERTEX_SE2 242 -2.117312 -22.325210 3.098446
VERTEX_SE2 243 -2.764025 -22.279874 3.087887
VERTEX_SE2 244 -3.406724 -22.271623 -3.133223
VERTEX_SE2 245 -4.041131 -22.254659 3.087973
VERTEX_SE2 246 -4.684337 -22.191483 3.008717
VERTEX_SE2 247 -5.325218 -22.128855 3.108731
VERTEX_SE2 248 -5.890123 -22.137360 3.133698
VERTEX_SE2 249 -5.854210 -22.141017 -2.965499
VERTEX_SE2 250 -5.862024 -22.141342 2.710834
VERTEX_SE2 251 -6.210340 -21.788237 2.273028
VERTEX_SE2 252 -6.584399 -21.351579 2.275461
VERTEX_SE2 253 -6.971866 -20.886741 2.258217
VERTEX_SE2 254 -7.349642 -20.406697 2.210371
VERTEX_SE2 255 -7.376562 -20.371386 2.285362
VERTEX_SE2 256 -7.376569 -20.370011 1.785796
VERTEX_SE2 257 -7.435125 -19.813876 1.686629
VERTEX_SE2 258 -7.526140 -19.190499 1.778261
VERTEX_SE2 259 -7.676213 -18.571996 1.817167
VERTEX_SE2 260 -7.815262 -17.997419 1.807084
VERTEX_SE2 261 -7.812802 -17.957528 1.492756
VERTEX_SE2 262 -7.748761 -17.305023 1.497634
VERTEX_SE2 263 -7.704459 -16.684761 1.509160
VERTEX_SE2 264 -7.686285 -16.075835 1.603801
VERTEX_SE2 265 -7.713685 -15.464092 1.621756
VERTEX_SE2 266 -7.659836 -14.884512 1.489698
VERTEX_SE2 267 -7.590637 -14.130213 1.451229
VERTEX_SE2 268 -7.434892 -13.512524 1.330524
VERTEX_SE2 269 -7.285843 -12.888133 1.352351
VERTEX_SE2 270 -7.181145 -12.258185 1.457078
VERTEX_SE2 271 -7.046662 -11.629374 1.337392
VERTEX_SE2 272 -6.916330 -10.998172 1.394889
VERTEX_SE2 273 -6.887272 -10.359052 1.601643
VERTEX_SE2 274 -6.914937 -9.718617 1.621477
VERTEX_SE2 275 -6.859410 -9.108548 1.443918
VERTEX_SE2 276 -6.805341 -8.498288 1.552614
VERTEX_SE2 277 -6.805090 -7.914615 1.521694
VERTEX_SE2 278 -6.706035 -7.282637 1.426405
VERTEX_SE2 279 -6.600956 -6.648396 1.372248
VERTEX_SE2 280 -6.468990 -6.023366 1.375327
VERTEX_SE2 281 -6.315271 -5.399485 1.276051
VERTEX_SE2 282 -6.134008 -4.785899 1.316907
VERTEX_SE2 283 -5.985222 -4.161193 1.309959
VERTEX_SE2 284 -5.813249 -3.550243 1.337990
VERTEX_SE2 285 -5.683475 -2.918967 1.354789
VERTEX_SE2 286 -5.554450 -2.315719 1.403911
VERTEX_SE2 287 -5.547714 -2.274662 1.294491
VERTEX_SE2 288 -5.541900 -2.266525 0.674528
VERTEX_SE2 289 -5.522271 -2.259034 0.069939
VERTEX_SE2 290 -5.061939 -2.331133 -0.161343
VERTEX_SE2 291 -4.422087 -2.430958 -0.151620
VERTEX_SE2 292 -3.797538 -2.541567 -0.206901
VERTEX_SE2 293 -3.169915 -2.679421 -0.230678
VERTEX_SE2 294 -2.547430 -2.824259 -0.230786
VERTEX_SE2 295 -1.930374 -2.997710 -0.344395
VERTEX_SE2 296 -1.332265 -3.234619 -0.390911
VERTEX_SE2 297 -0.738078 -3.478649 -0.403774
VERTEX_SE2 298 -0.140714 -3.729757 -0.400411
VERTEX_SE2 299 0.420679 -3.975672 -0.334750
VERTEX_SE2 300 1.008544 -4.149557 -0.288323
VERTEX_SE2 301 1.570135 -4.331714 -0.343252
VERTEX_SE2 302 1.877809 -4.442855 -0.360266
VERTEX_SE2 303 1.877809 -4.442855 -0.352308
VERTEX_SE2 304 2.376686 -4.626875 -0.338959
VERTEX_SE2 305 3.003258 -4.750507 -0.149877
VERTEX_SE2 306 3.635522 -4.836601 -0.164412
VERTEX_SE2 307 4.273138 -4.958970 -0.197471
VERTEX_SE2 308 4.897872 -5.092864 -0.249303
VERTEX_SE2 309 5.530724 -5.222563 -0.152307
VERTEX_SE2 310 6.160264 -5.318301 -0.184629
VERTEX_SE2 311 6.445365 -5.373694 -0.004883
VERTEX_SE2 312 6.452735 -5.370466 0.998034
VERTEX_SE2 313 6.475194 -5.146827 1.501717
VERTEX_SE2 314 6.500598 -4.513221 1.545236
VERTEX_SE2 315 6.514519 -3.879666 1.544361
VERTEX_SE2 316 6.515603 -3.240166 1.596992
VERTEX_SE2 317 6.494598 -2.602753 1.608134
VERTEX_SE2 318 6.435460 -1.967773 1.704091
VERTEX_SE2 319 6.377663 -1.623559 1.776803
VERTEX_SE2 320 6.378012 -1.622652 2.750031
VERTEX_SE2 321 6.369361 -1.625849 -2.488361
VERTEX_SE2 322 6.365946 -1.632038 -1.487277
VERTEX_SE2 323 6.380435 -1.647235 -0.490000
VERTEX_SE2 324 6.388880 -1.650346 0.173199
VERTEX_SE2 325 6.392046 -1.650203 -0.351692
VERTEX_SE2 326 6.411655 -1.665878 -0.943866
VERTEX_SE2 327 6.415870 -1.688728 -1.564092
VERTEX_SE2 328 6.385292 -2.332605 -1.609333
VERTEX_SE2 329 6.349431 -2.981039 -1.664005
VERTEX_SE2 330 6.281461 -3.617106 -1.682877
VERTEX_SE2 331 6.213453 -4.254537 -1.697056
VERTEX_SE2 332 6.121245 -4.888223 -1.715483
VERTEX_SE2 333 6.093922 -5.063750 -1.650313
VERTEX_SE2 334 6.091827 -5.064491 -0.592795
VERTEX_SE2 335 6.120861 -5.065606 0.404271
VERTEX_SE2 336 6.129696 -5.059618 1.351179
VERTEX_SE2 337 6.128718 -5.050440 2.336187
VERTEX_SE2 338 6.132587 -5.051833 -2.965274
VERTEX_SE2 339 6.136968 -5.047185 -1.923597
VERTEX_SE2 340 6.142971 -5.060659 -0.911817
VERTEX_SE2 341 6.275970 -5.101488 -0.283246
VERTEX_SE2 342 6.910811 -5.263299 -0.183431
VERTEX_SE2 343 7.538989 -5.324161 -0.052630
VERTEX_SE2 344 8.173624 -5.364758 -0.062705
VERTEX_SE2 345 8.440897 -5.378047 -0.090243
VERTEX_SE2 346 8.445372 -5.378415 -0.737666
VERTEX_SE2 347 8.467770 -5.462068 -1.296495
VERTEX_SE2 348 8.621467 -6.030776 -1.313338
VERTEX_SE2 349 8.761762 -6.631679 -1.353796
VERTEX_SE2 350 8.929986 -7.398958 -1.373714
VERTEX_SE2 351 8.978041 -7.665351 -1.403006
VERTEX_SE2 352 8.978090 -7.667619 -1.691302
VERTEX_SE2 353 8.976498 -7.670853 -2.356727
VERTEX_SE2 354 8.981756 -7.667962 -2.960124
VERTEX_SE2 355 8.981756 -7.667962 2.602071
VERTEX_SE2 356 8.978992 -7.664902 2.026818
VERTEX_SE2 357 8.977837 -7.643021 1.373746
VERTEX_SE2 358 8.983884 -7.628618 0.758292
VERTEX_SE2 359 8.989631 -7.624545 0.144263
VERTEX_SE2 360 8.994126 -7.624478 -0.032038
VERTEX_SE2 361 9.004896 -7.619118 0.887338
VERTEX_SE2 362 9.042246 -7.366063 1.421081
VERTEX_SE2 363 9.090049 -7.072841 1.414605
VERTEX_SE2 364 8.954880 -6.758641 2.029221
VERTEX_SE2 365 8.843129 -6.487231 1.532139
VERTEX_SE2 366 8.933049 -6.331605 0.978068
VERTEX_SE2 367 9.294391 -5.803956 0.980155
VERTEX_SE2 368 9.641307 -5.309201 0.927211
VERTEX_SE2 369 9.642383 -5.307246 0.668025
VERTEX_SE2 370 9.648356 -5.305144 0.068704
VERTEX_SE2 371 9.655229 -5.307316 -0.488502
VERTEX_SE2 372 10.139103 -5.587085 -0.520850
VERTEX_SE2 373 10.666751 -5.878088 -0.523177
VERTEX_SE2 374 11.206068 -6.209159 -0.589126
VERTEX_SE2 375 11.598593 -6.466633 -0.617897
VERTEX_SE2 376 11.600632 -6.467490 0.080627
VERTEX_SE2 377 11.643620 -6.425565 0.779646
VERTEX_SE2 378 12.107190 -5.948151 0.834726
VERTEX_SE2 379 12.510240 -5.446009 0.920455
VERTEX_SE2 380 12.867606 -4.912917 1.040753
VERTEX_SE2 381 12.982544 -4.709680 1.191659
VERTEX_SE2 382 12.984649 -4.703709 2.244782
VERTEX_SE2 383 12.988448 -4.705226 -3.058347
VERTEX_SE2 384 12.986650 -4.707628 -2.101256
VERTEX_SE2 385 12.982495 -4.718256 -1.078274
VERTEX_SE2 386 13.111397 -4.840399 -0.855882
VERTEX_SE2 387 13.631915 -5.191372 -0.527133
VERTEX_SE2 388 14.188298 -5.499440 -0.516375
VERTEX_SE2 389 14.722428 -5.830510 -0.596695
VERTEX_SE2 390 14.780394 -5.868314 -0.117993
VERTEX_SE2 391 14.643686 -5.885580 0.265004
VERTEX_SE2 392 14.640989 -5.886114 1.312766
VERTEX_SE2 393 14.635188 -5.855400 2.572219
VERTEX_SE2 394 14.626068 -5.853862 -2.712409
VERTEX_SE2 395 14.810464 -5.693039 -2.372812
VERTEX_SE2 396 14.810464 -5.693039 -2.371562
VERTEX_SE2 397 14.809202 -5.693678 -2.381203
VERTEX_SE2 398 14.806796 -5.697007 -2.182098
VERTEX_SE2 399 14.762364 -5.814932 -1.881357
VERTEX_SE2 400 14.564819 -6.441727 -1.829942
VERTEX_SE2 401 14.377600 -7.049960 -1.921842
VERTEX_SE2 402 14.049396 -7.600148 -2.188305
VERTEX_SE2 403 13.678588 -8.113304 -2.221999
VERTEX_SE2 404 13.306297 -8.574268 -2.300702
VERTEX_SE2 405 13.304585 -8.576945 -1.766179
VERTEX_SE2 406 13.302371 -8.571544 -0.786819
VERTEX_SE2 407 13.585994 -8.797369 -0.658504
VERTEX_SE2 408 14.069560 -9.180165 -0.696311
VERTEX_SE2 409 14.292699 -9.377696 -0.795739
VERTEX_SE2 410 14.294947 -9.381536 -1.423249
VERTEX_SE2 411 14.294896 -9.380539 -2.012202
VERTEX_SE2 412 13.969601 -9.830799 -2.215053
VERTEX_SE2 413 13.573781 -10.323212 -2.294584
VERTEX_SE2 414 13.168212 -10.809845 -2.190851
VERTEX_SE2 415 12.788348 -11.328437 -2.184168
VERTEX_SE2 416 12.618672 -11.583273 -2.239720
VERTEX_SE2 417 12.365589 -11.724804 -2.664770
VERTEX_SE2 418 11.973570 -11.921372 -2.710238
VERTEX_SE2 419 11.979618 -11.915306 -2.279799
VERTEX_SE2 420 12.016291 -11.860711 -2.064037
VERTEX_SE2 421 12.016287 -11.845604 -1.097383
VERTEX_SE2 422 12.016575 -11.841230 0.140539
VERTEX_SE2 423 12.021144 -11.838978 0.485675
VERTEX_SE2 424 12.021144 -11.838978 0.485954
VERTEX_SE2 425 12.020459 -11.840215 0.497589
VERTEX_SE2 426 12.020459 -11.840215 0.488372
VERTEX_SE2 427 12.049082 -11.824671 0.491399
VERTEX_SE2 428 12.625045 -11.496891 0.485740
VERTEX_SE2 429 13.200413 -11.202813 0.444713
VERTEX_SE2 430 13.512701 -11.059854 0.398340
VERTEX_SE2 431 13.491669 -11.069431 0.449977
VERTEX_SE2 432 13.501654 -11.067336 -0.182740
VERTEX_SE2 433 13.502954 -11.067884 -0.861102
VERTEX_SE2 434 13.743529 -11.537644 -1.089862
VERTEX_SE2 435 14.040604 -12.094609 -1.118566
VERTEX_SE2 436 14.297216 -12.672347 -1.127731
VERTEX_SE2 437 14.580075 -13.245886 -1.120167
VERTEX_SE2 438 14.774602 -13.672697 -1.152842
VERTEX_SE2 439 14.775466 -13.675785 -1.592980
VERTEX_SE2 440 14.781226 -13.661057 -2.241615
VERTEX_SE2 441 14.801541 -13.646476 -2.868987
VERTEX_SE2 442 14.816809 -13.646193 2.779417
VERTEX_SE2 443 14.817345 -13.647038 2.207553
VERTEX_SE2 444 14.811569 -13.629249 1.610879
VERTEX_SE2 445 14.815891 -13.615770 0.947107
VERTEX_SE2 446 14.818888 -13.610711 1.145697
VERTEX_SE2 447 14.818661 -13.580487 1.771810
VERTEX_SE2 448 14.666760 -12.956104 1.786852
VERTEX_SE2 449 14.494693 -12.326428 1.885308
VERTEX_SE2 450 14.289690 -11.713731 1.896557
VERTEX_SE2 451 14.124257 -11.267884 1.936509
VERTEX_SE2 452 14.123115 -11.264972 1.553661
VERTEX_SE2 453 14.123047 -11.266384 0.924731
VERTEX_SE2 454 14.355665 -11.130372 0.497531
VERTEX_SE2 455 14.885259 -10.850245 0.477764
VERTEX_SE2 456 15.454443 -10.572873 0.414138
VERTEX_SE2 457 15.786015 -10.438633 0.327481
VERTEX_SE2 458 15.795226 -10.438701 -0.315965
VERTEX_SE2 459 15.791330 -10.434037 -0.921822
VERTEX_SE2 460 15.959734 -10.828507 -1.177398
VERTEX_SE2 461 16.180144 -11.439953 -1.264281
VERTEX_SE2 462 16.335308 -11.963645 -1.303337
VERTEX_SE2 463 16.335291 -11.965068 -0.460067
VERTEX_SE2 464 16.605696 -11.914838 0.220623
VERTEX_SE2 465 17.195283 -11.771695 0.229379
VERTEX_SE2 466 17.767104 -11.657874 0.174926
VERTEX_SE2 467 18.369280 -11.563197 0.132707
VERTEX_SE2 468 19.009735 -11.482106 0.096378
VERTEX_SE2 469 19.650896 -11.453733 0.012587
VERTEX_SE2 470 20.146853 -11.442829 0.030741
VERTEX_SE2 471 20.150029 -11.442932 -0.170062
VERTEX_SE2 472 20.172311 -11.454699 -0.804400
VERTEX_SE2 473 20.175889 -11.459298 -1.446679
VERTEX_SE2 474 20.174399 -11.466191 -2.079685
VERTEX_SE2 475 20.170246 -11.468957 -2.655668
VERTEX_SE2 476 20.165497 -11.470500 2.973880
VERTEX_SE2 477 20.170525 -11.474309 2.412190
VERTEX_SE2 478 20.175145 -11.482300 1.782778
VERTEX_SE2 479 20.175335 -11.487697 1.326596
VERTEX_SE2 480 20.175383 -11.489918 1.886460
VERTEX_SE2 481 20.164295 -11.475887 2.884919
VERTEX_SE2 482 20.162062 -11.476008 -3.063751
VERTEX_SE2 483 20.162062 -11.476008 -3.070064
VERTEX_SE2 484 19.701970 -11.512371 -3.035533
VERTEX_SE2 485 19.076677 -11.593317 -3.038332
VERTEX_SE2 486 18.439371 -11.653164 -3.029341
VERTEX_SE2 487 17.807280 -11.746714 -3.001669
VERTEX_SE2 488 17.172291 -11.839127 -2.966212
VERTEX_SE2 489 16.696147 -11.938931 -2.936476
VERTEX_SE2 490 16.692490 -11.941051 -2.452793
VERTEX_SE2 491 16.691616 -11.944932 -1.519098
VERTEX_SE2 492 16.776617 -12.175290 -1.217149
VERTEX_SE2 493 16.974062 -12.765556 -1.272900
VERTEX_SE2 494 17.150447 -13.373462 -1.334510
VERTEX_SE2 495 17.352115 -13.978346 -1.223707
VERTEX_SE2 496 17.581624 -14.577196 -1.102707
VERTEX_SE2 497 17.847299 -15.159575 -1.186084
VERTEX_SE2 498 18.054425 -15.760767 -1.285551
VERTEX_SE2 499 18.205483 -16.382164 -1.300921
VERTEX_SE2 500 18.520086 -16.898620 -0.969638
VERTEX_SE2 501 18.848430 -17.411482 -1.035455
VERTEX_SE2 502 19.181866 -18.047877 -1.113614
VERTEX_SE2 503 19.382829 -18.470616 -1.125142
VERTEX_SE2 504 19.382968 -18.471669 -0.242877
VERTEX_SE2 505 19.636847 -18.373822 0.396037
VERTEX_SE2 506 20.222463 -18.152233 0.250781
VERTEX_SE2 507 20.842906 -18.012083 0.178603
VERTEX_SE2 508 21.473389 -17.912172 0.170945
VERTEX_SE2 509 22.107555 -17.811551 0.119274
VERTEX_SE2 510 22.477732 -17.773275 0.109324
VERTEX_SE2 511 22.480191 -17.776579 1.000327
VERTEX_SE2 512 22.479151 -17.767197 2.221724
VERTEX_SE2 513 22.480923 -17.768589 -3.088724
VERTEX_SE2 514 22.392210 -17.797083 -2.856452
VERTEX_SE2 515 21.763760 -17.994866 -2.851524
VERTEX_SE2 516 21.150540 -18.168893 -2.831780
VERTEX_SE2 517 20.555780 -18.389856 -2.799728
VERTEX_SE2 518 19.960512 -18.610158 -2.771638
VERTEX_SE2 519 19.439217 -18.815169 -2.783788
VERTEX_SE2 520 19.254408 -18.883689 -2.378354
VERTEX_SE2 521 19.253544 -18.891468 -1.358862
VERTEX_SE2 522 19.446557 -19.274210 -1.088837
VERTEX_SE2 523 19.743533 -19.846628 -1.102099
VERTEX_SE2 524 20.002482 -20.395419 -1.149751
VERTEX_SE2 525 20.240546 -20.920829 -1.130979
VERTEX_SE2 526 20.481533 -21.478440 -1.194565
VERTEX_SE2 527 20.701007 -22.071838 -1.233424
VERTEX_SE2 528 20.883349 -22.686071 -1.313266
VERTEX_SE2 529 21.048790 -23.294125 -1.338785
VERTEX_SE2 530 21.186548 -23.922294 -1.365903
VERTEX_SE2 531 21.294513 -24.545568 -1.442267
VERTEX_SE2 532 21.321981 -24.753969 -1.388289
VERTEX_SE2 533 21.331696 -24.762834 -0.381514
VERTEX_SE2 534 21.336665 -24.762597 0.290307
VERTEX_SE2 535 21.336665 -24.762597 0.291645
VERTEX_SE2 536 21.667408 -24.621679 0.424610
VERTEX_SE2 537 22.237616 -24.383793 0.368660
VERTEX_SE2 538 22.783578 -24.188298 0.343558
VERTEX_SE2 539 23.392496 -23.994630 0.281055
VERTEX_SE2 540 24.012651 -23.846863 0.190656
VERTEX_SE2 541 24.616500 -23.677520 0.355935
VERTEX_SE2 542 25.198874 -23.413487 0.414186
VERTEX_SE2 543 25.308230 -23.366534 0.386937
VERTEX_SE2 544 25.311458 -23.363477 1.030295
VERTEX_SE2 545 25.308953 -23.348021 2.106974
VERTEX_SE2 546 25.370099 -23.384281 2.942044
VERTEX_SE2 547 25.364196 -23.389842 -2.309543
VERTEX_SE2 548 25.360603 -23.401304 -1.377667
VERTEX_SE2 549 25.371198 -23.418104 -0.563163
VERTEX_SE2 550 25.376228 -23.423323 -1.037842
VERTEX_SE2 551 25.379648 -23.436304 -1.657979
VERTEX_SE2 552 25.377719 -23.441024 -2.284180
VERTEX_SE2 553 25.238021 -23.493388 -2.855731
VERTEX_SE2 554 24.607784 -23.677279 -2.888859
VERTEX_SE2 555 23.993431 -23.860841 -2.797492
VERTEX_SE2 556 23.396241 -24.105763 -2.659796
VERTEX_SE2 557 22.822728 -24.393516 -2.702744
VERTEX_SE2 558 22.275040 -24.674698 -2.623823
VERTEX_SE2 559 22.270077 -24.676821 -3.034381
VERTEX_SE2 560 22.270077 -24.676821 2.743761
VERTEX_SE2 561 22.260080 -24.676351 -3.038320
VERTEX_SE2 562 22.096754 -24.820650 -2.399936
VERTEX_SE2 563 21.592502 -25.154311 -2.594747
VERTEX_SE2 564 21.053412 -25.498706 -2.548499
VERTEX_SE2 565 20.537425 -25.832798 -2.600465
VERTEX_SE2 566 20.532490 -25.835035 -1.796294
VERTEX_SE2 567 20.533426 -25.833987 -0.940208
VERTEX_SE2 568 20.891388 -26.294540 -0.894012
VERTEX_SE2 569 21.276856 -26.790552 -0.946159
VERTEX_SE2 570 21.649420 -27.310717 -0.950967
VERTEX_SE2 571 21.849361 -27.596250 -0.994364
VERTEX_SE2 572 21.840333 -27.646492 -1.231717
VERTEX_SE2 573 21.868880 -27.724009 -0.949072
VERTEX_SE2 574 21.877216 -27.725452 0.006744
VERTEX_SE2 575 21.894503 -27.715687 1.016050
VERTEX_SE2 576 21.893519 -27.715892 2.040189
VERTEX_SE2 577 21.885895 -27.713246 3.008947
VERTEX_SE2 578 21.866274 -27.704702 2.643177
VERTEX_SE2 579 21.298924 -27.387881 2.657278
VERTEX_SE2 580 20.716909 -27.105551 2.731333
VERTEX_SE2 581 20.125767 -26.856860 2.772637
VERTEX_SE2 582 19.523535 -26.633599 2.814640
VERTEX_SE2 583 19.213810 -26.536403 2.892766
VERTEX_SE2 584 19.210319 -26.535584 -2.550218
VERTEX_SE2 585 18.716874 -26.893765 -2.433208
VERTEX_SE2 586 18.264978 -27.304159 -2.336932
VERTEX_SE2 587 17.844050 -27.776684 -2.312675
VERTEX_SE2 588 17.404102 -28.246717 -2.309353
VERTEX_SE2 589 17.007668 -28.742973 -2.229083
VERTEX_SE2 590 16.625023 -29.262060 -2.155304
VERTEX_SE2 591 16.286319 -29.796280 -2.152683
VERTEX_SE2 592 15.939159 -30.336565 -2.150686
VERTEX_SE2 593 15.791190 -30.564791 -1.938181
VERTEX_SE2 594 15.794250 -30.581455 -0.945084
VERTEX_SE2 595 16.194292 -30.997078 -0.704760
VERTEX_SE2 596 16.636104 -31.366417 -0.722635
VERTEX_SE2 597 17.103989 -31.796447 -0.756770
VERTEX_SE2 598 17.538795 -32.215917 -0.796372
VERTEX_SE2 599 17.800839 -32.499098 -0.859831
VERTEX_SE2 600 17.808423 -32.504032 -0.045074
VERTEX_SE2 601 17.830600 -32.493623 0.983541
VERTEX_SE2 602 17.834247 -32.474305 2.007952
VERTEX_SE2 603 17.607884 -32.374428 2.788384
VERTEX_SE2 604 17.046943 -32.100473 2.547892
VERTEX_SE2 605 16.511286 -31.761753 2.630512
VERTEX_SE2 606 15.949994 -31.464096 2.672598
VERTEX_SE2 607 15.464785 -31.153778 2.591564
VERTEX_SE2 608 15.140800 -30.969820 2.636022
VERTEX_SE2 609 15.131468 -30.966068 2.972317
VERTEX_SE2 610 15.122044 -30.973580 -2.378251
VERTEX_SE2 611 14.678938 -31.406105 -2.375287
VERTEX_SE2 612 14.313602 -31.741587 -2.372510
VERTEX_SE2 613 14.338061 -31.720011 -1.908805
VERTEX_SE2 614 14.338698 -31.726674 -0.870968
VERTEX_SE2 615 14.768768 -31.977559 -0.566453
VERTEX_SE2 616 15.311642 -32.305648 -0.617609
VERTEX_SE2 617 15.760313 -32.746217 -0.834639
VERTEX_SE2 618 16.193436 -33.214065 -0.824521
VERTEX_SE2 619 16.601337 -33.656810 -0.825989
VERTEX_SE2 620 17.000072 -34.120401 -0.922318
VERTEX_SE2 621 16.788426 -33.839458 -0.973924
VERTEX_SE2 622 16.630958 -33.597689 -1.048966
VERTEX_SE2 623 16.629619 -33.594321 -1.586115
VERTEX_SE2 624 16.631309 -33.591662 -2.228805
VERTEX_SE2 625 16.624999 -33.596266 -2.887438
VERTEX_SE2 626 16.617480 -33.597475 2.777619
VERTEX_SE2 627 16.349285 -33.346497 2.366813
VERTEX_SE2 628 15.919513 -32.868045 2.265896
VERTEX_SE2 629 15.485805 -32.395397 2.336946
VERTEX_SE2 630 15.046318 -31.973583 2.422035
VERTEX_SE2 631 14.646636 -31.639639 2.442255
VERTEX_SE2 632 14.643929 -31.637238 3.118464
VERTEX_SE2 633 14.589597 -31.712326 -2.089116
VERTEX_SE2 634 14.266192 -32.277649 -2.063889
VERTEX_SE2 635 13.925936 -32.819825 -2.201180
VERTEX_SE2 636 13.554818 -33.335756 -2.220264
VERTEX_SE2 637 13.147645 -33.820778 -2.320948
VERTEX_SE2 638 12.855265 -34.121161 -2.351695
VERTEX_SE2 639 12.424371 -34.596136 -2.272930
VERTEX_SE2 640 11.985578 -35.070016 -2.342632
VERTEX_SE2 641 11.552638 -35.529379 -2.352802
VERTEX_SE2 642 11.112191 -35.949492 -2.400353
VERTEX_SE2 643 10.731895 -36.277399 -2.465381
VERTEX_SE2 644 10.729340 -36.284109 -1.701776
VERTEX_SE2 645 10.869715 -36.451460 -0.744873
VERTEX_SE2 646 11.382066 -36.817597 -0.447477
VERTEX_SE2 647 11.978978 -37.021611 -0.156322
VERTEX_SE2 648 12.612056 -37.054234 0.012089
VERTEX_SE2 649 13.205551 -37.119561 -0.322437
VERTEX_SE2 650 13.749716 -37.452144 -0.576811
VERTEX_SE2 651 13.876986 -37.522144 0.229018
VERTEX_SE2 652 13.879256 -37.519914 1.262617
VERTEX_SE2 653 13.872372 -37.502026 2.301465
VERTEX_SE2 654 13.581181 -37.403460 2.818912
VERTEX_SE2 655 13.048482 -37.219840 2.815600
VERTEX_SE2 656 12.474722 -37.010334 2.804516
VERTEX_SE2 657 11.844104 -36.899464 3.083365
VERTEX_SE2 658 11.204549 -36.869297 3.076381
VERTEX_SE2 659 10.709556 -36.810477 3.005332
VERTEX_SE2 660 10.703219 -36.809512 -2.677502
VERTEX_SE2 661 10.609221 -37.000250 -2.023854
VERTEX_SE2 662 10.337163 -37.568215 -1.954223
VERTEX_SE2 663 10.139552 -38.159090 -1.853215
VERTEX_SE2 664 10.135226 -38.165415 -1.314901
VERTEX_SE2 665 10.170577 -38.183639 -0.436050
VERTEX_SE2 666 10.743964 -38.430041 -0.401598
VERTEX_SE2 667 11.280508 -38.651643 -0.399484
VERTEX_SE2 668 11.840921 -38.888748 -0.376305
VERTEX_SE2 669 12.435464 -39.121854 -0.404047
VERTEX_SE2 670 13.006910 -39.403898 -0.466305
VERTEX_SE2 671 13.282608 -39.541377 -0.414044
VERTEX_SE2 672 12.769426 -39.275957 -0.506105
VERTEX_SE2 673 12.545541 -39.138628 -0.639846
VERTEX_SE2 674 12.542473 -39.133012 -1.294945
VERTEX_SE2 675 12.544204 -39.117309 -1.910166
VERTEX_SE2 676 12.549939 -39.112303 -2.540226
VERTEX_SE2 677 12.562810 -39.108340 3.120460
VERTEX_SE2 678 12.373080 -39.013683 2.669222
VERTEX_SE2 679 11.859571 -38.764102 2.729006
VERTEX_SE2 680 11.438738 -38.641448 3.069344
VERTEX_SE2 681 10.825052 -38.579071 3.043558
VERTEX_SE2 682 10.191857 -38.531816 3.093190
VERTEX_SE2 683 9.891918 -38.522270 -3.028351
VERTEX_SE2 684 9.884198 -38.525775 -1.959011
VERTEX_SE2 685 9.893810 -38.971112 -1.519535
VERTEX_SE2 686 9.862204 -39.454619 -1.666211
VERTEX_SE2 687 9.788467 -40.084236 -1.702984
VERTEX_SE2 688 9.681861 -40.709183 -1.716237
VERTEX_SE2 689 9.605655 -41.306367 -1.689887
VERTEX_SE2 690 9.568647 -41.883115 -1.616935
VERTEX_SE2 691 9.547797 -42.313693 -1.645939
VERTEX_SE2 692 9.547338 -42.304642 -1.113930
VERTEX_SE2 693 9.542348 -42.304320 -0.077783
VERTEX_SE2 694 9.537355 -42.304058 0.754255
VERTEX_SE2 695 9.537558 -42.302067 1.551174
VERTEX_SE2 696 9.534841 -42.288755 2.572731
VERTEX_SE2 697 9.523163 -42.279299 2.318206
VERTEX_SE2 698 9.451431 -41.889589 1.660453
VERTEX_SE2 699 9.371393 -41.248546 1.772879
VERTEX_SE2 700 9.226326 -40.627573 1.824729
VERTEX_SE2 701 9.049173 -40.073867 1.881983
VERTEX_SE2 702 8.937709 -39.503989 1.764440
VERTEX_SE2 703 8.820349 -38.895181 1.796436
VERTEX_SE2 704 8.652821 -38.280287 1.812200
VERTEX_SE2 705 8.469818 -37.662927 1.876685
VERTEX_SE2 706 8.352303 -37.160636 1.599049
VERTEX_SE2 707 8.353815 -37.156710 1.065513
VERTEX_SE2 708 8.350433 -37.159057 0.410972
VERTEX_SE2 709 8.285591 -37.179408 0.069240
VERTEX_SE2 710 8.271325 -37.178203 -0.506017
VERTEX_SE2 711 8.272256 -37.177853 -1.117758
VERTEX_SE2 712 8.271421 -37.172816 -1.692402
VERTEX_SE2 713 8.082147 -37.631033 -1.986694
VERTEX_SE2 714 7.781665 -38.118818 -2.191858
VERTEX_SE2 715 7.436278 -38.650634 -2.086627
VERTEX_SE2 716 7.101560 -39.196310 -2.222833
VERTEX_SE2 717 6.732648 -39.710336 -2.136309
VERTEX_SE2 718 6.249991 -40.323558 -2.309481
VERTEX_SE2 719 5.841996 -40.813346 -2.233064
VERTEX_SE2 720 5.439595 -41.301667 -2.290296
VERTEX_SE2 721 5.032639 -41.793490 -2.219961
VERTEX_SE2 722 5.017459 -41.813716 -2.151150
VERTEX_SE2 723 5.020505 -41.823419 -1.052793
VERTEX_SE2 724 5.031411 -41.829247 0.024382
VERTEX_SE2 725 5.041952 -41.823519 0.663795
VERTEX_SE2 726 5.186097 -41.536150 1.121855
VERTEX_SE2 727 5.441157 -40.953385 1.154429
VERTEX_SE2 728 5.708786 -40.374749 1.157456
VERTEX_SE2 729 5.942746 -39.779976 1.216830
VERTEX_SE2 730 6.141286 -39.181998 1.255908
VERTEX_SE2 731 6.337960 -38.578088 1.269244
VERTEX_SE2 732 6.370731 -38.458677 1.718146
VERTEX_SE2 733 6.369310 -38.458803 2.719136
VERTEX_SE2 734 5.849568 -38.267284 2.798462
VERTEX_SE2 735 5.287090 -38.058027 2.767482
VERTEX_SE2 736 5.282360 -38.056088 -2.913613
VERTEX_SE2 737 5.275781 -38.066121 -2.109607
VERTEX_SE2 738 4.978024 -38.585828 -2.089531
VERTEX_SE2 739 4.620518 -39.102322 -2.146106
VERTEX_SE2 740 4.357016 -39.553955 -2.081799
VERTEX_SE2 741 4.357431 -39.553064 -2.448926
VERTEX_SE2 742 4.347527 -39.558696 -3.099199
VERTEX_SE2 743 4.342558 -39.557580 2.569578
VERTEX_SE2 744 4.336078 -39.550170 2.032393
VERTEX_SE2 745 4.335980 -39.547933 1.441244
VERTEX_SE2 746 4.573919 -39.080308 0.968419
VERTEX_SE2 747 4.940154 -38.557294 0.934212
VERTEX_SE2 748 5.302092 -38.106400 0.867038
VERTEX_SE2 749 5.345738 -38.052022 1.298344
VERTEX_SE2 750 5.342230 -38.047361 2.229268
VERTEX_SE2 751 5.083575 -37.967511 2.872246
VERTEX_SE2 752 4.493353 -37.766114 2.770046
VERTEX_SE2 753 3.897446 -37.540993 2.834236
VERTEX_SE2 754 3.312644 -37.288841 2.673214
VERTEX_SE2 755 2.737782 -37.020556 2.749498
VERTEX_SE2 756 2.174638 -36.731322 2.558054
VERTEX_SE2 757 1.632084 -36.401074 2.656949
VERTEX_SE2 758 1.085717 -36.165115 2.783429
VERTEX_SE2 759 0.594312 -35.911010 2.644238
VERTEX_SE2 760 0.049628 -35.662561 2.758388
VERTEX_SE2 761 0.027544 -35.652794 2.941901
VERTEX_SE2 762 0.026506 -35.653762 -2.331733
VERTEX_SE2 763 -0.256374 -36.186295 -2.039623
VERTEX_SE2 764 -0.462375 -36.581571 -2.067616
VERTEX_SE2 765 -0.464849 -36.589741 -1.429340
VERTEX_SE2 766 -0.458452 -36.594227 -0.430727
VERTEX_SE2 767 -0.455458 -36.594045 0.498539
VERTEX_SE2 768 -0.452643 -36.586959 1.219631
VERTEX_SE2 769 -0.342345 -35.973305 1.375930
VERTEX_SE2 770 -0.198947 -35.353053 1.308266
VERTEX_SE2 771 -0.182607 -35.284960 1.867596
VERTEX_SE2 772 -0.189467 -35.280006 2.733492
VERTEX_SE2 773 -0.733580 -35.074067 2.818690
VERTEX_SE2 774 -1.260348 -34.911848 2.840206
VERTEX_SE2 775 -1.264437 -34.911446 -2.599985
VERTEX_SE2 776 -1.363996 -35.119485 -1.984041
VERTEX_SE2 777 -1.608279 -35.704951 -1.925618
VERTEX_SE2 778 -1.822302 -36.299953 -1.947124
VERTEX_SE2 779 -2.047440 -36.894571 -1.929730
VERTEX_SE2 780 -2.139238 -37.102862 -2.060860
VERTEX_SE2 781 -2.145402 -37.110533 -2.636030
VERTEX_SE2 782 -2.437259 -37.141405 -3.067105
VERTEX_SE2 783 -3.047824 -37.175458 -3.068514
VERTEX_SE2 784 -3.287219 -37.194026 -3.090710
VERTEX_SE2 785 -3.295317 -37.191509 2.638474
VERTEX_SE2 786 -3.298918 -37.188857 2.048008
VERTEX_SE2 787 -3.298039 -37.190654 1.555448
VERTEX_SE2 788 -3.294912 -37.183493 0.924060
VERTEX_SE2 789 -3.288075 -37.179210 0.370053
VERTEX_SE2 790 -2.810788 -37.026036 0.301996
VERTEX_SE2 791 -2.219090 -36.811172 0.399811
VERTEX_SE2 792 -1.939736 -36.661187 1.102401
VERTEX_SE2 793 -1.678873 -36.103497 1.143891
VERTEX_SE2 794 -1.429675 -35.516238 1.211715
VERTEX_SE2 795 -1.418449 -35.555793 1.634956
VERTEX_SE2 796 -1.418085 -35.571576 2.285912
VERTEX_SE2 797 -1.667269 -35.397655 2.541335
VERTEX_SE2 798 -2.187789 -35.048694 2.588216
VERTEX_SE2 799 -2.741194 -34.735022 2.650579
VERTEX_SE2 800 -3.307545 -34.448654 2.720068
VERTEX_SE2 801 -3.902341 -34.216184 2.802965
VERTEX_SE2 802 -4.505679 -34.024853 2.857856
VERTEX_SE2 803 -5.085804 -33.763383 2.689794
VERTEX_SE2 804 -5.662771 -33.497682 2.743005
VERTEX_SE2 805 -6.261534 -33.279468 2.816554
VERTEX_SE2 806 -6.840015 -33.097367 2.855463
VERTEX_SE2 807 -7.023476 -33.048729 -3.135502
VERTEX_SE2 808 -7.026802 -33.056076 -2.177404
VERTEX_SE2 809 -7.281242 -33.594521 -2.029487
VERTEX_SE2 810 -7.631595 -34.121859 -2.166451
VERTEX_SE2 811 -7.962424 -34.637653 -2.167266
VERTEX_SE2 812 -7.965744 -34.642706 -1.427803
VERTEX_SE2 813 -7.950068 -34.658744 -0.442321
VERTEX_SE2 814 -7.946972 -34.656894 0.560269
VERTEX_SE2 815 -7.933401 -34.640091 1.489098
VERTEX_SE2 816 -7.934735 -34.631584 2.177465
VERTEX_SE2 817 -7.937452 -34.619639 1.515677
VERTEX_SE2 818 -7.834770 -34.423652 1.032291
VERTEX_SE2 819 -7.526530 -33.907724 1.048948
VERTEX_SE2 820 -7.214976 -33.390015 1.010358
VERTEX_SE2 821 -6.920703 -32.916256 1.028688
VERTEX_SE2 822 -6.919798 -32.914444 1.802164
VERTEX_SE2 823 -6.939217 -32.906160 2.735576
VERTEX_SE2 824 -7.523314 -32.665202 2.656921
VERTEX_SE2 825 -8.081019 -32.349406 2.627743
VERTEX_SE2 826 -8.677362 -32.112604 2.791147
VERTEX_SE2 827 -9.263427 -31.871967 2.742741
VERTEX_SE2 828 -9.860125 -31.638542 2.778381
VERTEX_SE2 829 -10.419194 -31.408540 2.739767
VERTEX_SE2 830 -10.979677 -31.164322 2.732511
VERTEX_SE2 831 -11.504644 -30.911305 2.686863
VERTEX_SE2 832 -12.017274 -30.666706 2.684351
VERTEX_SE2 833 -12.247951 -30.553587 2.823368
VERTEX_SE2 834 -12.252957 -30.553546 -2.400674
VERTEX_SE2 835 -12.257933 -30.565509 -1.619664
VERTEX_SE2 836 -12.250730 -30.581427 -0.672599
VERTEX_SE2 837 -12.229702 -30.583353 0.368164
VERTEX_SE2 838 -12.218778 -30.573267 1.234031
VERTEX_SE2 839 -12.217846 -30.572182 1.017315
VERTEX_SE2 840 -12.205638 -30.563033 0.457221
VERTEX_SE2 841 -12.186893 -30.559209 -0.157128
VERTEX_SE2 842 -11.953603 -30.647983 -0.386378
VERTEX_SE2 843 -11.425785 -30.867365 -0.387868
VERTEX_SE2 844 -10.836985 -31.098902 -0.394843
VERTEX_SE2 845 -10.253132 -31.347696 -0.408511
VERTEX_SE2 846 -9.662939 -31.589256 -0.405754
VERTEX_SE2 847 -9.086083 -31.851482 -0.431429
VERTEX_SE2 848 -8.940268 -31.914214 0.052760
VERTEX_SE2 849 -8.937884 -31.910733 0.981233
VERTEX_SE2 850 -8.846299 -31.550192 1.337597
VERTEX_SE2 851 -8.670841 -30.931185 1.246884
VERTEX_SE2 852 -8.462808 -30.325041 1.262739
VERTEX_SE2 853 -8.280607 -29.742061 1.236186
VERTEX_SE2 854 -8.076287 -29.173781 1.239399
VERTEX_SE2 855 -7.887388 -28.592768 1.238706
VERTEX_SE2 856 -7.661883 -27.996043 1.201622
VERTEX_SE2 857 -7.435282 -27.400366 1.195491
VERTEX_SE2 858 -7.181293 -26.816604 1.144746
VERTEX_SE2 859 -6.975384 -26.352422 1.141340
VERTEX_SE2 860 -6.975931 -26.349425 2.005134
VERTEX_SE2 861 -7.070368 -26.315710 2.933845
VERTEX_SE2 862 -7.703743 -26.156922 2.877954
VERTEX_SE2 863 -8.318477 -25.984947 2.848940
VERTEX_SE2 864 -8.894038 -25.792766 2.850044
VERTEX_SE2 865 -9.480815 -25.646186 2.911227
VERTEX_SE2 866 -10.042232 -25.502772 2.913209
VERTEX_SE2 867 -10.195104 -25.469004 3.098784
VERTEX_SE2 868 -10.213426 -25.478919 -2.146684
VERTEX_SE2 869 -10.215119 -25.492408 -1.155028
VERTEX_SE2 870 -10.214332 -25.494499 -0.141931
VERTEX_SE2 871 -10.213017 -25.492991 0.844964
VERTEX_SE2 872 -10.207635 -25.487052 1.539524
VERTEX_SE2 873 -10.203844 -25.478644 0.974807
VERTEX_SE2 874 -10.191816 -25.467641 0.422903
VERTEX_SE2 875 -10.178876 -25.463448 -0.155631
VERTEX_SE2 876 -9.623904 -25.632105 -0.308985
VERTEX_SE2 877 -9.083899 -25.830525 -0.389894
VERTEX_SE2 878 -8.876969 -25.899540 -0.000578
VERTEX_SE2 879 -8.229916 -25.842173 0.054103
VERTEX_SE2 880 -7.774580 -25.835590 -0.054479
VERTEX_SE2 881 -7.817933 -25.833359 -0.045761
VERTEX_SE2 882 -7.174094 -25.927843 -0.286988
VERTEX_SE2 883 -6.578127 -26.179696 -0.472812
VERTEX_SE2 884 -6.240032 -26.360890 -0.535840
VERTEX_SE2 885 -6.234259 -26.360820 0.054937
VERTEX_SE2 886 -6.226914 -26.353411 1.089009
VERTEX_SE2 887 -6.223165 -26.344082 2.116331
VERTEX_SE2 888 -6.228613 -26.341527 3.115899
VERTEX_SE2 889 -6.233959 -26.343474 -2.255359
VERTEX_SE2 890 -6.384262 -26.679298 -1.975677
VERTEX_SE2 891 -6.638596 -27.241278 -2.042104
VERTEX_SE2 892 -6.943864 -27.800951 -2.074085
VERTEX_SE2 893 -7.222566 -28.381189 -1.832614
VERTEX_SE2 894 -7.306963 -29.019629 -1.606544
VERTEX_SE2 895 -7.223579 -29.638727 -1.302591
VERTEX_SE2 896 -7.217764 -29.658031 -0.821107
VERTEX_SE2 897 -6.741710 -29.937142 -0.546756
VERTEX_SE2 898 -6.211746 -30.256253 -0.528856
VERTEX_SE2 899 -5.784445 -30.515658 -0.593948
VERTEX_SE2 900 -5.213641 -30.892109 -0.593973
VERTEX_SE2 901 -4.743942 -31.232862 -0.655646
VERTEX_SE2 902 -4.223039 -31.613559 -0.627847
VERTEX_SE2 903 -3.820846 -31.901295 -0.669947
VERTEX_SE2 904 -3.815849 -31.904352 0.045079
VERTEX_SE2 905 -3.263955 -31.843907 0.103405
VERTEX_SE2 906 -2.639473 -31.754495 0.172374
VERTEX_SE2 907 -2.019027 -31.639234 0.167356
VERTEX_SE2 908 -1.390615 -31.531155 0.192144
VERTEX_SE2 909 -0.774159 -31.409648 0.174319
VERTEX_SE2 910 -0.621113 -31.427046 -0.195369
VERTEX_SE2 911 -0.014492 -31.535247 -0.134304
VERTEX_SE2 912 0.586470 -31.609953 -0.123402
VERTEX_SE2 913 1.163336 -31.678045 -0.116774
VERTEX_SE2 914 1.788505 -31.757735 -0.141346
VERTEX_SE2 915 2.338537 -31.842759 -0.178606
VERTEX_SE2 916 2.533087 -31.771891 0.368065
VERTEX_SE2 917 3.132539 -31.589985 0.113800
VERTEX_SE2 918 3.652121 -31.566106 0.038805
VERTEX_SE2 919 4.280972 -31.547492 -0.003530
VERTEX_SE2 920 4.910829 -31.560372 -0.019732
VERTEX_SE2 921 5.544993 -31.581438 -0.071106
VERTEX_SE2 922 6.178198 -31.632867 -0.095979
VERTEX_SE2 923 6.782469 -31.705277 -0.156454
VERTEX_SE2 924 7.306767 -31.788672 -0.137071
VERTEX_SE2 925 7.316981 -31.785338 0.373816
VERTEX_SE2 926 7.870711 -31.558218 0.392795
VERTEX_SE2 927 8.451492 -31.319547 0.372320
VERTEX_SE2 928 9.048413 -31.086577 0.366185
VERTEX_SE2 929 9.642832 -30.858817 0.368104
VERTEX_SE2 930 10.245448 -30.641674 0.289261
VERTEX_SE2 931 10.860347 -30.480136 0.213162
VERTEX_SE2 932 11.487766 -30.354631 0.158095
VERTEX_SE2 933 12.113942 -30.270301 0.098329
VERTEX_SE2 934 12.615349 -30.217794 0.093110
VERTEX_SE2 935 12.620802 -30.215724 0.789990
VERTEX_SE2 936 12.621200 -30.213495 1.735352
VERTEX_SE2 937 12.506666 -29.673239 1.798228
VERTEX_SE2 938 12.424893 -29.074588 1.624736
VERTEX_SE2 939 12.382460 -28.442898 1.652316
VERTEX_SE2 940 12.358048 -27.806499 1.569594
VERTEX_SE2 941 12.373922 -27.170573 1.518896
VERTEX_SE2 942 12.403040 -26.619551 1.526103
VERTEX_SE2 943 12.433212 -25.976160 1.617626
VERTEX_SE2 944 12.409024 -25.337583 1.563948
VERTEX_SE2 945 12.425512 -24.701834 1.511054
VERTEX_SE2 946 12.438281 -24.522578 1.577626
VERTEX_SE2 947 12.297194 -24.116617 1.909253
VERTEX_SE2 948 12.106012 -23.569193 1.887290
VERTEX_SE2 949 11.964410 -22.979201 1.728071
VERTEX_SE2 950 11.889816 -22.346608 1.484552
VERTEX_SE2 951 11.958985 -21.712798 1.409506
VERTEX_SE2 952 12.033066 -21.078819 1.656468
VERTEX_SE2 953 11.960841 -20.446967 1.733995
VERTEX_SE2 954 11.870328 -19.821157 1.720988
VERTEX_SE2 955 11.840813 -19.182342 1.553709
VERTEX_SE2 956 11.856933 -18.549356 1.547775
VERTEX_SE2 957 11.900583 -17.914412 1.456986
VERTEX_SE2 958 11.980717 -17.309521 1.428422
VERTEX_SE2 959 12.082916 -16.713544 1.360362
VERTEX_SE2 960 12.156646 -16.109750 1.448732
VERTEX_SE2 961 12.237458 -15.513097 1.428643
VERTEX_SE2 962 12.263723 -14.879685 1.501648
VERTEX_SE2 963 12.237575 -14.246674 1.697303
VERTEX_SE2 964 12.165060 -13.610953 1.639856
VERTEX_SE2 965 12.127557 -12.978752 1.638378
VERTEX_SE2 966 12.104648 -12.566160 1.581231
VERTEX_SE2 967 12.101573 -12.558682 2.440323
VERTEX_SE2 968 12.096363 -12.554972 -2.940213
VERTEX_SE2 969 12.095404 -12.555254 -2.878924
VERTEX_SE2 970 12.095404 -12.555254 -2.879037
VERTEX_SE2 971 11.746171 -12.650445 -2.877325
VERTEX_SE2 972 11.152947 -12.816606 -2.870194
VERTEX_SE2 973 10.545291 -12.861291 3.130276
VERTEX_SE2 974 9.909280 -12.851322 -3.119743
VERTEX_SE2 975 9.273543 -12.871196 -3.113968
VERTEX_SE2 976 8.636290 -12.899229 -3.099985
VERTEX_SE2 977 7.998434 -12.914064 -3.126289
VERTEX_SE2 978 7.362084 -12.942484 -3.081464
VERTEX_SE2 979 6.727323 -12.975809 -3.095884
VERTEX_SE2 980 6.088538 -13.025797 -3.052420
VERTEX_SE2 981 5.456362 -13.081213 -3.049818
VERTEX_SE2 982 4.878233 -13.153816 -3.010682
VERTEX_SE2 983 4.276746 -13.227843 -3.016388
VERTEX_SE2 984 3.677713 -13.322859 -2.961936
VERTEX_SE2 985 3.077590 -13.433257 -2.944700
VERTEX_SE2 986 2.454219 -13.573733 -2.911877
VERTEX_SE2 987 1.831643 -13.709396 -2.952510
VERTEX_SE2 988 1.208691 -13.826413 -2.942854
VERTEX_SE2 989 0.584787 -13.958913 -2.938610
VERTEX_SE2 990 -0.036556 -14.080445 -2.953180
VERTEX_SE2 991 -0.661927 -14.209275 -2.932525
VERTEX_SE2 992 -1.260572 -14.319726 -2.969755
VERTEX_SE2 993 -1.888936 -14.441757 -2.941917
VERTEX_SE2 994 -2.487885 -14.558335 -2.956980
VERTEX_SE2 995 -3.058043 -14.679439 -2.909164
VERTEX_SE2 996 -3.642056 -14.831099 -2.881732
VERTEX_SE2 997 -4.264284 -14.974196 -2.946069
VERTEX_SE2 998 -4.649607 -15.053751 -2.924278
VERTEX_SE2 999 -4.656689 -15.065859 -2.206631
VERTEX_SE2 1000 -4.965388 -15.623496 -2.058280
VERTEX_SE2 1001 -5.318062 -16.158055 -2.379913
VERTEX_SE2 1002 -5.750626 -16.618291 -2.287924
VERTEX_SE2 1003 -6.211655 -17.061941 -2.468589
VERTEX_SE2 1004 -6.694526 -17.473495 -2.405819
VERTEX_SE2 1005 -7.127979 -17.892536 -2.338545
VERTEX_SE2 1006 -7.533434 -18.348428 -2.255884
VERTEX_SE2 1007 -7.879092 -18.809574 -2.158490
VERTEX_SE2 1008 -8.039907 -19.059004 -1.992248
VERTEX_SE2 1009 -8.036682 -19.246221 -1.535293
VERTEX_SE2 1010 -8.014039 -19.881169 -1.488904
VERTEX_SE2 1011 -7.963340 -20.508886 -1.536571
VERTEX_SE2 1012 -7.940438 -21.138959 -1.498741
VERTEX_SE2 1013 -7.851368 -21.773013 -1.387987
VERTEX_SE2 1014 -7.817932 -22.401411 -1.567544
VERTEX_SE2 1015 -7.777031 -23.038795 -1.486212
VERTEX_SE2 1016 -7.720006 -23.818187 -1.481750
VERTEX_SE2 1017 -7.654678 -24.418258 -1.539186
VERTEX_SE2 1018 -7.642739 -24.996103 -1.532186
VERTEX_SE2 1019 -7.587869 -25.606880 -1.473009
VERTEX_SE2 1020 -7.542280 -26.239004 -1.487341
VERTEX_SE2 1021 -7.489141 -26.876264 -1.528391
VERTEX_SE2 1022 -7.485868 -26.947021 -1.536042
VERTEX_SE2 1023 -7.484661 -26.958141 -1.449942
VERTEX_SE2 1024 -7.409816 -27.598995 -1.424093
VERTEX_SE2 1025 -7.295845 -28.237813 -1.407035
VERTEX_SE2 1026 -7.266936 -28.415848 -1.400374
VERTEX_SE2 1027 -7.264213 -28.420001 -0.485709
VERTEX_SE2 1028 -7.082225 -28.411802 0.076550
VERTEX_SE2 1029 -6.501990 -28.370465 0.054524
VERTEX_SE2 1030 -5.899285 -28.359129 -0.023135
VERTEX_SE2 1031 -5.264812 -28.390632 -0.074570
VERTEX_SE2 1032 -4.627186 -28.437737 -0.067955
VERTEX_SE2 1033 -3.988448 -28.495960 -0.110249
VERTEX_SE2 1034 -3.830826 -28.515420 -0.320119
VERTEX_SE2 1035 -3.824146 -28.521449 -0.932344
VERTEX_SE2 1036 -3.823513 -28.519287 -1.496421
VERTEX_SE2 1037 -3.907010 -28.904450 -1.730668
VERTEX_SE2 1038 -3.935283 -29.554657 -1.636155
VERTEX_SE2 1039 -4.005708 -30.240003 -1.664719
VERTEX_SE2 1040 -4.005908 -30.238599 -1.026894
VERTEX_SE2 1041 -4.005975 -30.237093 0.002348
VERTEX_SE2 1042 -3.997565 -30.235981 1.002167
VERTEX_SE2 1043 -3.992361 -30.227413 1.983494
VERTEX_SE2 1044 -3.977187 -30.235628 2.989203
VERTEX_SE2 1045 -3.975026 -30.236085 2.875365
VERTEX_SE2 1046 -3.962563 -30.241673 2.490123
VERTEX_SE2 1047 -3.950447 -30.258328 1.934722
VERTEX_SE2 1048 -3.961452 -29.893794 1.621975
VERTEX_SE2 1049 -4.005576 -29.246490 1.639262
VERTEX_SE2 1050 -4.077126 -28.603234 1.715064
VERTEX_SE2 1051 -4.144972 -27.965909 1.641633
VERTEX_SE2 1052 -4.202505 -27.357765 1.700204
VERTEX_SE2 1053 -4.242648 -26.957178 1.653111
VERTEX_SE2 1054 -4.243150 -26.953596 2.434770
VERTEX_SE2 1055 -4.236475 -26.953142 -2.756219
VERTEX_SE2 1056 -4.223234 -26.936933 -1.722386
VERTEX_SE2 1057 -4.227338 -26.917941 -0.719127
VERTEX_SE2 1058 -4.226406 -26.918299 0.214528
VERTEX_SE2 1059 -3.650549 -26.814433 0.137155
VERTEX_SE2 1060 -3.017058 -26.728657 0.145123
VERTEX_SE2 1061 -2.566458 -26.676490 0.026280
VERTEX_SE2 1062 -2.547934 -26.680711 -0.534242
VERTEX_SE2 1063 -2.549662 -26.679283 -1.128091
VERTEX_SE2 1064 -2.494849 -26.986675 -1.390919
VERTEX_SE2 1065 -2.341227 -27.585706 -1.267035
VERTEX_SE2 1066 -2.181042 -28.156133 -1.321458
VERTEX_SE2 1067 -2.176008 -28.167308 -0.885641
VERTEX_SE2 1068 -2.171515 -28.170280 -0.208552
VERTEX_SE2 1069 -2.166440 -28.170156 -0.036102
VERTEX_SE2 1070 -2.158515 -28.171216 -0.571481
VERTEX_SE2 1071 -1.728296 -28.528563 -0.696733
VERTEX_SE2 1072 -1.327331 -28.874102 -0.763594
VERTEX_SE2 1073 -1.328212 -28.872089 -1.271112
VERTEX_SE2 1074 -1.186974 -29.415680 -1.303788
VERTEX_SE2 1075 -1.030631 -30.004733 -1.285588
VERTEX_SE2 1076 -1.010783 -30.067165 -0.872464
VERTEX_SE2 1077 -0.990761 -30.068841 -0.051064
VERTEX_SE2 1078 -0.349127 -30.042537 -0.001133
VERTEX_SE2 1079 0.251517 -30.025133 0.066104
VERTEX_SE2 1080 0.250521 -30.025208 -0.411064
VERTEX_SE2 1081 0.710773 -30.299114 -0.528492
VERTEX_SE2 1082 0.906064 -30.410866 -0.239852
VERTEX_SE2 1083 0.893124 -30.419745 0.817776
VERTEX_SE2 1084 0.892987 -30.410710 1.808848
VERTEX_SE2 1085 0.877326 -30.393872 2.785923
VERTEX_SE2 1086 0.299041 -30.311718 3.014416
VERTEX_SE2 1087 -0.304600 -30.219651 3.001192
VERTEX_SE2 1088 -0.901080 -30.145015 2.983479
VERTEX_SE2 1089 -0.971780 -30.133164 2.884958
VERTEX_SE2 1090 -0.973114 -30.132686 2.263087
VERTEX_SE2 1091 -1.258802 -29.655877 2.082828
VERTEX_SE2 1092 -1.565146 -29.096531 2.065302
VERTEX_SE2 1093 -1.831232 -28.571344 1.997715
VERTEX_SE2 1094 -1.829673 -28.566075 1.590728
VERTEX_SE2 1095 -1.822889 -28.540013 0.997280
VERTEX_SE2 1096 -1.811806 -28.530957 0.422426
VERTEX_SE2 1097 -1.452357 -28.453682 0.204872
VERTEX_SE2 1098 -0.806231 -28.342284 0.146524
VERTEX_SE2 1099 -0.207476 -28.279115 0.048016
VERTEX_SE2 1100 -0.187763 -28.277509 0.407350
VERTEX_SE2 1101 0.022408 -28.110407 0.670039
VERTEX_SE2 1102 0.031962 -28.106738 0.272412
VERTEX_SE2 1103 0.639388 -27.958876 0.236513
VERTEX_SE2 1104 1.275605 -27.810841 0.206756
VERTEX_SE2 1105 1.907140 -27.685723 0.186870
VERTEX_SE2 1106 2.395193 -27.596899 0.159641
VERTEX_SE2 1107 2.402168 -27.592873 0.412775
VERTEX_SE2 1108 2.958139 -27.302229 0.418732
VERTEX_SE2 1109 3.567153 -27.081855 0.312557
VERTEX_SE2 1110 4.153225 -26.897988 0.261047
VERTEX_SE2 1111 4.708902 -26.834648 0.157605
VERTEX_SE2 1112 5.252614 -26.628115 0.500855
VERTEX_SE2 1113 5.822286 -26.335525 0.403408
VERTEX_SE2 1114 6.390291 -26.092686 0.418701
VERTEX_SE2 1115 6.922867 -25.852780 0.400788
VERTEX_SE2 1116 7.511667 -25.579208 0.435293
VERTEX_SE2 1117 7.600383 -25.536976 0.305438
VERTEX_SE2 1118 7.602610 -25.537159 -0.306056
VERTEX_SE2 1119 7.600066 -25.535572 -0.741091
VERTEX_SE2 1120 8.016891 -25.978082 -0.806559
VERTEX_SE2 1121 8.158671 -26.132496 -0.927181
VERTEX_SE2 1122 8.158918 -26.136107 -1.481463
VERTEX_SE2 1123 8.202585 -26.722199 -1.466214
VERTEX_SE2 1124 8.300951 -27.294198 -1.369439
VERTEX_SE2 1125 8.427601 -27.927776 -1.357617
VERTEX_SE2 1126 8.448389 -28.015008 -1.020843
VERTEX_SE2 1127 8.448797 -28.014120 0.029251
VERTEX_SE2 1128 8.446703 -28.014495 1.009931
VERTEX_SE2 1129 8.448367 -28.002253 2.018659
VERTEX_SE2 1130 8.179683 -27.484075 2.030704
VERTEX_SE2 1131 8.020715 -26.725314 1.595581
VERTEX_SE2 1132 8.007311 -26.085207 1.574275
VERTEX_SE2 1133 8.027146 -25.500857 1.533912
VERTEX_SE2 1134 8.037276 -25.234473 1.435052
VERTEX_SE2 1135 8.041135 -25.225813 0.875236
VERTEX_SE2 1136 8.045119 -25.226197 0.309468
VERTEX_SE2 1137 8.350426 -25.173106 0.123314
VERTEX_SE2 1138 9.001574 -25.103517 0.105516
VERTEX_SE2 1139 9.526482 -25.047001 0.028463
VERTEX_SE2 1140 9.524465 -25.046883 -0.458084
VERTEX_SE2 1141 9.526460 -25.047900 -1.013894
VERTEX_SE2 1142 9.607360 -25.436185 -1.384688
VERTEX_SE2 1143 9.757086 -26.048918 -1.299305
VERTEX_SE2 1144 9.911339 -26.642229 -1.333595
VERTEX_SE2 1145 10.051242 -27.237116 -1.362737
VERTEX_SE2 1146 10.176396 -27.833614 -1.346612
VERTEX_SE2 1147 10.348017 -28.420420 -1.277963
VERTEX_SE2 1148 10.522608 -29.006300 -1.265737
VERTEX_SE2 1149 10.546607 -29.077059 -0.762568
VERTEX_SE2 1150 10.540261 -29.074848 0.225763
VERTEX_SE2 1151 10.553029 -29.065002 1.213625
VERTEX_SE2 1152 10.547143 -29.052737 2.249842
VERTEX_SE2 1153 10.539006 -29.045893 -3.036684
VERTEX_SE2 1154 10.279724 -29.230068 -2.499597
VERTEX_SE2 1155 9.768765 -29.605741 -2.552981
VERTEX_SE2 1156 9.258910 -29.939074 -2.546643
VERTEX_SE2 1157 8.791360 -30.283703 -2.440027
VERTEX_SE2 1158 8.293580 -30.637927 -2.573320
VERTEX_SE2 1159 7.766648 -30.929430 -2.672819
VERTEX_SE2 1160 7.188507 -31.197997 -2.815407
VERTEX_SE2 1161 6.565573 -31.348475 -2.910356
VERTEX_SE2 1162 5.944969 -31.503360 -2.857013
VERTEX_SE2 1163 5.325232 -31.686006 -2.866763
VERTEX_SE2 1164 4.712273 -31.878415 -2.786199
VERTEX_SE2 1165 4.215997 -32.064635 -2.806894
VERTEX_SE2 1166 4.211816 -32.067381 -2.313330
VERTEX_SE2 1167 4.212397 -32.068184 -1.368491
VERTEX_SE2 1168 4.215987 -32.071852 -0.457146
VERTEX_SE2 1169 4.277451 -32.051395 0.371897
VERTEX_SE2 1170 4.829613 -31.826964 0.380849
VERTEX_SE2 1171 5.421192 -31.572841 0.415111
VERTEX_SE2 1172 5.981253 -31.335402 0.355461
VERTEX_SE2 1173 6.575628 -31.109741 0.367274
VERTEX_SE2 1174 7.180922 -30.893036 0.301697
VERTEX_SE2 1175 7.792370 -30.719051 0.271366
VERTEX_SE2 1176 8.409541 -30.550025 0.230936
VERTEX_SE2 1177 9.024476 -30.404549 0.236005
VERTEX_SE2 1178 9.647424 -30.266268 0.192062
VERTEX_SE2 1179 10.265276 -30.135370 0.224605
VERTEX_SE2 1180 10.529482 -30.074919 0.220636
VERTEX_SE2 1181 10.535574 -30.072977 1.058820
VERTEX_SE2 1182 10.524149 -30.016817 1.779823
VERTEX_SE2 1183 10.386448 -29.400748 1.808327
VERTEX_SE2 1184 10.207851 -28.783707 1.881370
VERTEX_SE2 1185 10.025332 -28.173735 1.852352
VERTEX_SE2 1186 9.825515 -27.568409 1.922073
VERTEX_SE2 1187 9.605142 -26.948356 1.888299
VERTEX_SE2 1188 9.398682 -26.350552 1.909670
VERTEX_SE2 1189 9.199117 -25.746642 1.931343
VERTEX_SE2 1190 9.094298 -25.467233 1.939338
VERTEX_SE2 1191 9.094967 -25.468452 2.859515
VERTEX_SE2 1192 9.008026 -25.506399 -2.626152
VERTEX_SE2 1193 8.461781 -25.785098 -2.758330
VERTEX_SE2 1194 7.923840 -26.019541 -2.716510
VERTEX_SE2 1195 7.347445 -26.288871 -2.664510
VERTEX_SE2 1196 6.780364 -26.579172 -2.837709
VERTEX_SE2 1197 6.180419 -26.774947 -2.826952
VERTEX_SE2 1198 5.583380 -27.006326 -2.569041
VERTEX_SE2 1199 5.035569 -27.311853 -2.784743
VERTEX_SE2 1200 4.440692 -27.555930 -2.716631
VERTEX_SE2 1201 3.868153 -27.824566 -2.661795
VERTEX_SE2 1202 3.307623 -28.126760 -2.639885
VERTEX_SE2 1203 2.784459 -28.432197 -2.731103
VERTEX_SE2 1204 2.199445 -28.603325 -2.879452
VERTEX_SE2 1205 1.642686 -28.765416 -2.851240
VERTEX_SE2 1206 1.070524 -28.960362 -2.791568
VERTEX_SE2 1207 0.458097 -29.116494 -2.879433
VERTEX_SE2 1208 -0.157073 -29.300653 -2.816562
VERTEX_SE2 1209 -0.759388 -29.505640 -2.820223
VERTEX_SE2 1210 -1.349503 -29.728180 -2.801535
VERTEX_SE2 1211 -1.962101 -29.894344 -2.871965
VERTEX_SE2 1212 -2.570554 -30.072460 -2.819915
VERTEX_SE2 1213 -3.165262 -30.298664 -2.744821
VERTEX_SE2 1214 -3.865282 -30.564861 -2.965631
VERTEX_SE2 1215 -4.462533 -30.687173 -2.905497
VERTEX_SE2 1216 -4.996128 -30.904402 -2.687065
VERTEX_SE2 1217 -5.548071 -31.150837 -2.705863
VERTEX_SE2 1218 -6.079683 -31.407444 -2.756532
VERTEX_SE2 1219 -6.680544 -31.658044 -2.725934
VERTEX_SE2 1220 -7.206328 -31.919274 -2.635196
VERTEX_SE2 1221 -7.204948 -31.917957 -3.087949
VERTEX_SE2 1222 -7.218143 -31.913501 2.597929
VERTEX_SE2 1223 -7.226028 -31.904243 2.038302
VERTEX_SE2 1224 -7.405412 -31.351278 1.855394
VERTEX_SE2 1225 -7.584838 -30.751843 1.869158
VERTEX_SE2 1226 -7.616041 -30.650012 1.852427
VERTEX_SE2 1227 -7.616041 -30.650012 1.851765
